No. of LEDs    Prefix
--------------------------------
1              41 64 61 00 00 55
2              41 64 61 00 01 54
3              41 64 61 00 02 57
4              41 64 61 00 03 56
5              41 64 61 00 04 51
6              41 64 61 00 05 50
7              41 64 61 00 06 53
8              41 64 61 00 07 52
9              41 64 61 00 08 5d
10             41 64 61 00 09 5c
11             41 64 61 00 0a 5f
12             41 64 61 00 0b 5e
13             41 64 61 00 0c 59
14             41 64 61 00 0d 58
15             41 64 61 00 0e 5b
16             41 64 61 00 0f 5a
17             41 64 61 00 10 45
18             41 64 61 00 11 44
19             41 64 61 00 12 47
20             41 64 61 00 13 46
21             41 64 61 00 14 41
22             41 64 61 00 15 40
23             41 64 61 00 16 43
24             41 64 61 00 17 42
25             41 64 61 00 18 4d
26             41 64 61 00 19 4c
27             41 64 61 00 1a 4f
28             41 64 61 00 1b 4e
29             41 64 61 00 1c 49
30             41 64 61 00 1d 48
31             41 64 61 00 1e 4b
32             41 64 61 00 1f 4a
33             41 64 61 00 20 75
34             41 64 61 00 21 74
35             41 64 61 00 22 77
36             41 64 61 00 23 76
37             41 64 61 00 24 71
38             41 64 61 00 25 70
39             41 64 61 00 26 73
40             41 64 61 00 27 72
41             41 64 61 00 28 7d
42             41 64 61 00 29 7c
43             41 64 61 00 2a 7f
44             41 64 61 00 2b 7e
45             41 64 61 00 2c 79
46             41 64 61 00 2d 78
47             41 64 61 00 2e 7b
48             41 64 61 00 2f 7a
49             41 64 61 00 30 65
50             41 64 61 00 31 64
51             41 64 61 00 32 67
52             41 64 61 00 33 66
53             41 64 61 00 34 61
54             41 64 61 00 35 60
55             41 64 61 00 36 63
56             41 64 61 00 37 62
57             41 64 61 00 38 6d
58             41 64 61 00 39 6c
59             41 64 61 00 3a 6f
60             41 64 61 00 3b 6e
61             41 64 61 00 3c 69
62             41 64 61 00 3d 68
63             41 64 61 00 3e 6b
64             41 64 61 00 3f 6a
65             41 64 61 00 40 15
66             41 64 61 00 41 14
67             41 64 61 00 42 17
68             41 64 61 00 43 16
69             41 64 61 00 44 11
70             41 64 61 00 45 10
71             41 64 61 00 46 13
72             41 64 61 00 47 12
73             41 64 61 00 48 1d
74             41 64 61 00 49 1c
75             41 64 61 00 4a 1f
76             41 64 61 00 4b 1e
77             41 64 61 00 4c 19
78             41 64 61 00 4d 18
79             41 64 61 00 4e 1b
80             41 64 61 00 4f 1a
81             41 64 61 00 50 05
82             41 64 61 00 51 04
83             41 64 61 00 52 07
84             41 64 61 00 53 06
85             41 64 61 00 54 01
86             41 64 61 00 55 00
87             41 64 61 00 56 03
88             41 64 61 00 57 02
89             41 64 61 00 58 0d
90             41 64 61 00 59 0c
91             41 64 61 00 5a 0f
92             41 64 61 00 5b 0e
93             41 64 61 00 5c 09
94             41 64 61 00 5d 08
95             41 64 61 00 5e 0b
96             41 64 61 00 5f 0a
97             41 64 61 00 60 35
98             41 64 61 00 61 34
99             41 64 61 00 62 37
100            41 64 61 00 63 36
101            41 64 61 00 64 31
102            41 64 61 00 65 30
103            41 64 61 00 66 33
104            41 64 61 00 67 32
105            41 64 61 00 68 3d
106            41 64 61 00 69 3c
107            41 64 61 00 6a 3f
108            41 64 61 00 6b 3e
109            41 64 61 00 6c 39
110            41 64 61 00 6d 38
111            41 64 61 00 6e 3b
112            41 64 61 00 6f 3a
113            41 64 61 00 70 25
114            41 64 61 00 71 24
115            41 64 61 00 72 27
116            41 64 61 00 73 26
117            41 64 61 00 74 21
118            41 64 61 00 75 20
119            41 64 61 00 76 23
120            41 64 61 00 77 22
121            41 64 61 00 78 2d
122            41 64 61 00 79 2c
123            41 64 61 00 7a 2f
124            41 64 61 00 7b 2e
125            41 64 61 00 7c 29
126            41 64 61 00 7d 28
127            41 64 61 00 7e 2b
128            41 64 61 00 7f 2a
129            41 64 61 00 80 d5
130            41 64 61 00 81 d4
131            41 64 61 00 82 d7
132            41 64 61 00 83 d6
133            41 64 61 00 84 d1
134            41 64 61 00 85 d0
135            41 64 61 00 86 d3
136            41 64 61 00 87 d2
137            41 64 61 00 88 dd
138            41 64 61 00 89 dc
139            41 64 61 00 8a df
140            41 64 61 00 8b de
141            41 64 61 00 8c d9
142            41 64 61 00 8d d8
143            41 64 61 00 8e db
144            41 64 61 00 8f da
145            41 64 61 00 90 c5
146            41 64 61 00 91 c4
147            41 64 61 00 92 c7
148            41 64 61 00 93 c6
149            41 64 61 00 94 c1
150            41 64 61 00 95 c0
151            41 64 61 00 96 c3
152            41 64 61 00 97 c2
153            41 64 61 00 98 cd
154            41 64 61 00 99 cc
155            41 64 61 00 9a cf
156            41 64 61 00 9b ce
157            41 64 61 00 9c c9
158            41 64 61 00 9d c8
159            41 64 61 00 9e cb
160            41 64 61 00 9f ca
161            41 64 61 00 a0 f5
162            41 64 61 00 a1 f4
163            41 64 61 00 a2 f7
164            41 64 61 00 a3 f6
165            41 64 61 00 a4 f1
166            41 64 61 00 a5 f0
167            41 64 61 00 a6 f3
168            41 64 61 00 a7 f2
169            41 64 61 00 a8 fd
170            41 64 61 00 a9 fc
171            41 64 61 00 aa ff
172            41 64 61 00 ab fe
173            41 64 61 00 ac f9
174            41 64 61 00 ad f8
175            41 64 61 00 ae fb
176            41 64 61 00 af fa
177            41 64 61 00 b0 e5
178            41 64 61 00 b1 e4
179            41 64 61 00 b2 e7
180            41 64 61 00 b3 e6
181            41 64 61 00 b4 e1
182            41 64 61 00 b5 e0
183            41 64 61 00 b6 e3
184            41 64 61 00 b7 e2
185            41 64 61 00 b8 ed
186            41 64 61 00 b9 ec
187            41 64 61 00 ba ef
188            41 64 61 00 bb ee
189            41 64 61 00 bc e9
190            41 64 61 00 bd e8
191            41 64 61 00 be eb
192            41 64 61 00 bf ea
193            41 64 61 00 c0 95
194            41 64 61 00 c1 94
195            41 64 61 00 c2 97
196            41 64 61 00 c3 96
197            41 64 61 00 c4 91
198            41 64 61 00 c5 90
199            41 64 61 00 c6 93
200            41 64 61 00 c7 92
201            41 64 61 00 c8 9d
202            41 64 61 00 c9 9c
203            41 64 61 00 ca 9f
204            41 64 61 00 cb 9e
205            41 64 61 00 cc 99
206            41 64 61 00 cd 98
207            41 64 61 00 ce 9b
208            41 64 61 00 cf 9a
209            41 64 61 00 d0 85
210            41 64 61 00 d1 84
211            41 64 61 00 d2 87
212            41 64 61 00 d3 86
213            41 64 61 00 d4 81
214            41 64 61 00 d5 80
215            41 64 61 00 d6 83
216            41 64 61 00 d7 82
217            41 64 61 00 d8 8d
218            41 64 61 00 d9 8c
219            41 64 61 00 da 8f
220            41 64 61 00 db 8e
221            41 64 61 00 dc 89
222            41 64 61 00 dd 88
223            41 64 61 00 de 8b
224            41 64 61 00 df 8a
225            41 64 61 00 e0 b5
226            41 64 61 00 e1 b4
227            41 64 61 00 e2 b7
228            41 64 61 00 e3 b6
229            41 64 61 00 e4 b1
230            41 64 61 00 e5 b0
231            41 64 61 00 e6 b3
232            41 64 61 00 e7 b2
233            41 64 61 00 e8 bd
234            41 64 61 00 e9 bc
235            41 64 61 00 ea bf
236            41 64 61 00 eb be
237            41 64 61 00 ec b9
238            41 64 61 00 ed b8
239            41 64 61 00 ee bb
240            41 64 61 00 ef ba
241            41 64 61 00 f0 a5
242            41 64 61 00 f1 a4
243            41 64 61 00 f2 a7
244            41 64 61 00 f3 a6
245            41 64 61 00 f4 a1
246            41 64 61 00 f5 a0
247            41 64 61 00 f6 a3
248            41 64 61 00 f7 a2
249            41 64 61 00 f8 ad
250            41 64 61 00 f9 ac
251            41 64 61 00 fa af
252            41 64 61 00 fb ae
253            41 64 61 00 fc a9
254            41 64 61 00 fd a8
255            41 64 61 00 fe ab
256            41 64 61 00 ff aa
257            41 64 61 01 00 54
258            41 64 61 01 01 55
259            41 64 61 01 02 56
260            41 64 61 01 03 57
261            41 64 61 01 04 50
262            41 64 61 01 05 51
263            41 64 61 01 06 52
264            41 64 61 01 07 53
265            41 64 61 01 08 5c
266            41 64 61 01 09 5d
267            41 64 61 01 0a 5e
268            41 64 61 01 0b 5f
269            41 64 61 01 0c 58
270            41 64 61 01 0d 59
271            41 64 61 01 0e 5a
272            41 64 61 01 0f 5b
273            41 64 61 01 10 44
274            41 64 61 01 11 45
275            41 64 61 01 12 46
276            41 64 61 01 13 47
277            41 64 61 01 14 40
278            41 64 61 01 15 41
279            41 64 61 01 16 42
280            41 64 61 01 17 43
281            41 64 61 01 18 4c
282            41 64 61 01 19 4d
283            41 64 61 01 1a 4e
284            41 64 61 01 1b 4f
285            41 64 61 01 1c 48
286            41 64 61 01 1d 49
287            41 64 61 01 1e 4a
288            41 64 61 01 1f 4b
289            41 64 61 01 20 74
290            41 64 61 01 21 75
291            41 64 61 01 22 76
292            41 64 61 01 23 77
293            41 64 61 01 24 70
294            41 64 61 01 25 71
295            41 64 61 01 26 72
296            41 64 61 01 27 73
297            41 64 61 01 28 7c
298            41 64 61 01 29 7d
299            41 64 61 01 2a 7e
300            41 64 61 01 2b 7f
301            41 64 61 01 2c 78
302            41 64 61 01 2d 79
303            41 64 61 01 2e 7a
304            41 64 61 01 2f 7b
305            41 64 61 01 30 64
306            41 64 61 01 31 65
307            41 64 61 01 32 66
308            41 64 61 01 33 67
309            41 64 61 01 34 60
310            41 64 61 01 35 61
311            41 64 61 01 36 62
312            41 64 61 01 37 63
313            41 64 61 01 38 6c
314            41 64 61 01 39 6d
315            41 64 61 01 3a 6e
316            41 64 61 01 3b 6f
317            41 64 61 01 3c 68
318            41 64 61 01 3d 69
319            41 64 61 01 3e 6a
320            41 64 61 01 3f 6b
321            41 64 61 01 40 14
322            41 64 61 01 41 15
323            41 64 61 01 42 16
324            41 64 61 01 43 17
325            41 64 61 01 44 10
326            41 64 61 01 45 11
327            41 64 61 01 46 12
328            41 64 61 01 47 13
329            41 64 61 01 48 1c
330            41 64 61 01 49 1d
331            41 64 61 01 4a 1e
332            41 64 61 01 4b 1f
333            41 64 61 01 4c 18
334            41 64 61 01 4d 19
335            41 64 61 01 4e 1a
336            41 64 61 01 4f 1b
337            41 64 61 01 50 04
338            41 64 61 01 51 05
339            41 64 61 01 52 06
340            41 64 61 01 53 07
341            41 64 61 01 54 00
342            41 64 61 01 55 01
343            41 64 61 01 56 02
344            41 64 61 01 57 03
345            41 64 61 01 58 0c
346            41 64 61 01 59 0d
347            41 64 61 01 5a 0e
348            41 64 61 01 5b 0f
349            41 64 61 01 5c 08
350            41 64 61 01 5d 09
351            41 64 61 01 5e 0a
352            41 64 61 01 5f 0b
353            41 64 61 01 60 34
354            41 64 61 01 61 35
355            41 64 61 01 62 36
356            41 64 61 01 63 37
357            41 64 61 01 64 30
358            41 64 61 01 65 31
359            41 64 61 01 66 32
360            41 64 61 01 67 33
361            41 64 61 01 68 3c
362            41 64 61 01 69 3d
363            41 64 61 01 6a 3e
364            41 64 61 01 6b 3f
365            41 64 61 01 6c 38
366            41 64 61 01 6d 39
367            41 64 61 01 6e 3a
368            41 64 61 01 6f 3b
369            41 64 61 01 70 24
370            41 64 61 01 71 25
371            41 64 61 01 72 26
372            41 64 61 01 73 27
373            41 64 61 01 74 20
374            41 64 61 01 75 21
375            41 64 61 01 76 22
376            41 64 61 01 77 23
377            41 64 61 01 78 2c
378            41 64 61 01 79 2d
379            41 64 61 01 7a 2e
380            41 64 61 01 7b 2f
381            41 64 61 01 7c 28
382            41 64 61 01 7d 29
383            41 64 61 01 7e 2a
384            41 64 61 01 7f 2b
385            41 64 61 01 80 d4
386            41 64 61 01 81 d5
387            41 64 61 01 82 d6
388            41 64 61 01 83 d7
389            41 64 61 01 84 d0
390            41 64 61 01 85 d1
391            41 64 61 01 86 d2
392            41 64 61 01 87 d3
393            41 64 61 01 88 dc
394            41 64 61 01 89 dd
395            41 64 61 01 8a de
396            41 64 61 01 8b df
397            41 64 61 01 8c d8
398            41 64 61 01 8d d9
399            41 64 61 01 8e da
400            41 64 61 01 8f db
401            41 64 61 01 90 c4
402            41 64 61 01 91 c5
403            41 64 61 01 92 c6
404            41 64 61 01 93 c7
405            41 64 61 01 94 c0
406            41 64 61 01 95 c1
407            41 64 61 01 96 c2
408            41 64 61 01 97 c3
409            41 64 61 01 98 cc
410            41 64 61 01 99 cd
411            41 64 61 01 9a ce
412            41 64 61 01 9b cf
413            41 64 61 01 9c c8
414            41 64 61 01 9d c9
415            41 64 61 01 9e ca
416            41 64 61 01 9f cb
417            41 64 61 01 a0 f4
418            41 64 61 01 a1 f5
419            41 64 61 01 a2 f6
420            41 64 61 01 a3 f7
421            41 64 61 01 a4 f0
422            41 64 61 01 a5 f1
423            41 64 61 01 a6 f2
424            41 64 61 01 a7 f3
425            41 64 61 01 a8 fc
426            41 64 61 01 a9 fd
427            41 64 61 01 aa fe
428            41 64 61 01 ab ff
429            41 64 61 01 ac f8
430            41 64 61 01 ad f9
431            41 64 61 01 ae fa
432            41 64 61 01 af fb
433            41 64 61 01 b0 e4
434            41 64 61 01 b1 e5
435            41 64 61 01 b2 e6
436            41 64 61 01 b3 e7
437            41 64 61 01 b4 e0
438            41 64 61 01 b5 e1
439            41 64 61 01 b6 e2
440            41 64 61 01 b7 e3
441            41 64 61 01 b8 ec
442            41 64 61 01 b9 ed
443            41 64 61 01 ba ee
444            41 64 61 01 bb ef
445            41 64 61 01 bc e8
446            41 64 61 01 bd e9
447            41 64 61 01 be ea
448            41 64 61 01 bf eb
449            41 64 61 01 c0 94
450            41 64 61 01 c1 95
451            41 64 61 01 c2 96
452            41 64 61 01 c3 97
453            41 64 61 01 c4 90
454            41 64 61 01 c5 91
455            41 64 61 01 c6 92
456            41 64 61 01 c7 93
457            41 64 61 01 c8 9c
458            41 64 61 01 c9 9d
459            41 64 61 01 ca 9e
460            41 64 61 01 cb 9f
461            41 64 61 01 cc 98
462            41 64 61 01 cd 99
463            41 64 61 01 ce 9a
464            41 64 61 01 cf 9b
465            41 64 61 01 d0 84
466            41 64 61 01 d1 85
467            41 64 61 01 d2 86
468            41 64 61 01 d3 87
469            41 64 61 01 d4 80
470            41 64 61 01 d5 81
471            41 64 61 01 d6 82
472            41 64 61 01 d7 83
473            41 64 61 01 d8 8c
474            41 64 61 01 d9 8d
475            41 64 61 01 da 8e
476            41 64 61 01 db 8f
477            41 64 61 01 dc 88
478            41 64 61 01 dd 89
479            41 64 61 01 de 8a
480            41 64 61 01 df 8b
481            41 64 61 01 e0 b4
482            41 64 61 01 e1 b5
483            41 64 61 01 e2 b6
484            41 64 61 01 e3 b7
485            41 64 61 01 e4 b0
486            41 64 61 01 e5 b1
487            41 64 61 01 e6 b2
488            41 64 61 01 e7 b3
489            41 64 61 01 e8 bc
490            41 64 61 01 e9 bd
491            41 64 61 01 ea be
492            41 64 61 01 eb bf
493            41 64 61 01 ec b8
494            41 64 61 01 ed b9
495            41 64 61 01 ee ba
496            41 64 61 01 ef bb
497            41 64 61 01 f0 a4
498            41 64 61 01 f1 a5
499            41 64 61 01 f2 a6
500            41 64 61 01 f3 a7
501            41 64 61 01 f4 a0
502            41 64 61 01 f5 a1
503            41 64 61 01 f6 a2
504            41 64 61 01 f7 a3
505            41 64 61 01 f8 ac
506            41 64 61 01 f9 ad
507            41 64 61 01 fa ae
508            41 64 61 01 fb af
509            41 64 61 01 fc a8
510            41 64 61 01 fd a9
511            41 64 61 01 fe aa
512            41 64 61 01 ff ab
513            41 64 61 02 00 57
514            41 64 61 02 01 56
515            41 64 61 02 02 55
516            41 64 61 02 03 54
517            41 64 61 02 04 53
518            41 64 61 02 05 52
519            41 64 61 02 06 51
520            41 64 61 02 07 50
521            41 64 61 02 08 5f
522            41 64 61 02 09 5e
523            41 64 61 02 0a 5d
524            41 64 61 02 0b 5c
525            41 64 61 02 0c 5b
526            41 64 61 02 0d 5a
527            41 64 61 02 0e 59
528            41 64 61 02 0f 58
529            41 64 61 02 10 47
530            41 64 61 02 11 46
531            41 64 61 02 12 45
532            41 64 61 02 13 44
533            41 64 61 02 14 43
534            41 64 61 02 15 42
535            41 64 61 02 16 41
536            41 64 61 02 17 40
537            41 64 61 02 18 4f
538            41 64 61 02 19 4e
539            41 64 61 02 1a 4d
540            41 64 61 02 1b 4c
541            41 64 61 02 1c 4b
542            41 64 61 02 1d 4a
543            41 64 61 02 1e 49
544            41 64 61 02 1f 48
545            41 64 61 02 20 77
546            41 64 61 02 21 76
547            41 64 61 02 22 75
548            41 64 61 02 23 74
549            41 64 61 02 24 73
550            41 64 61 02 25 72
551            41 64 61 02 26 71
552            41 64 61 02 27 70
553            41 64 61 02 28 7f
554            41 64 61 02 29 7e
555            41 64 61 02 2a 7d
556            41 64 61 02 2b 7c
557            41 64 61 02 2c 7b
558            41 64 61 02 2d 7a
559            41 64 61 02 2e 79
560            41 64 61 02 2f 78
561            41 64 61 02 30 67
562            41 64 61 02 31 66
563            41 64 61 02 32 65
564            41 64 61 02 33 64
565            41 64 61 02 34 63
566            41 64 61 02 35 62
567            41 64 61 02 36 61
568            41 64 61 02 37 60
569            41 64 61 02 38 6f
570            41 64 61 02 39 6e
571            41 64 61 02 3a 6d
572            41 64 61 02 3b 6c
573            41 64 61 02 3c 6b
574            41 64 61 02 3d 6a
575            41 64 61 02 3e 69
576            41 64 61 02 3f 68
577            41 64 61 02 40 17
578            41 64 61 02 41 16
579            41 64 61 02 42 15
580            41 64 61 02 43 14
581            41 64 61 02 44 13
582            41 64 61 02 45 12
583            41 64 61 02 46 11
584            41 64 61 02 47 10
585            41 64 61 02 48 1f
586            41 64 61 02 49 1e
587            41 64 61 02 4a 1d
588            41 64 61 02 4b 1c
589            41 64 61 02 4c 1b
590            41 64 61 02 4d 1a
591            41 64 61 02 4e 19
592            41 64 61 02 4f 18
593            41 64 61 02 50 07
594            41 64 61 02 51 06
595            41 64 61 02 52 05
596            41 64 61 02 53 04
597            41 64 61 02 54 03
598            41 64 61 02 55 02
599            41 64 61 02 56 01
600            41 64 61 02 57 00
